2 rbox 961 D2
961
1.901171e+01 7.904247e+00
1.134585e+01 2.606446e+01
1.657461e+01 2.194808e+01
2.366855e+01 1.986640e+01
8.228605e+00 1.487280e+01
1.543395e+01 2.403318e+01
2.820324e+01 2.693932e+01
2.006420e+01 9.415054e+00
2.190073e+01 1.603551e+01
2.165524e+01 2.053295e+01
2.321862e+01 2.073955e-01
1.884626e+01 3.639459e+00
1.115602e+01 1.196623e+01
2.122645e+01 2.116476e+01
1.461785e+01 2.286018e+01
2.002400e+01 9.604519e+00
2.259369e+01 1.867343e+01
1.117666e+01 8.706940e+00
1.114378e+01 2.124279e+01
1.246662e+01 1.462542e+01
1.049209e+01 7.987198e+00
1.172550e+01 8.033019e+00
1.195333e+01 2.162201e+01
1.665703e+01 2.129266e+01
8.733917e+00 1.688520e+01
2.217258e+01 2.143390e+01
1.056655e+01 1.036516e+01
3.942302e+00 2.705312e+01
2.222157e+01 1.205954e+01
2.328495e+01 1.685414e+01
2.044110e+01 1.998829e+01
8.107872e+00 1.011923e+01
8.732319e+00 1.047176e+01
2.200106e+01 1.263260e+01
1.409638e+01 2.369997e+01
1.729221e+01 8.819294e+00
1.235482e+01 8.060981e+00
8.143862e+00 1.375622e+01
1.151307e+01 2.383057e+01
1.448092e+01 6.754683e+00
6.890232e+00 1.631281e+01
2.129881e+01 1.104065e+01
6.595560e+00 1.237670e+01
8.943987e+00 6.032723e+00
2.004584e+01 1.084556e+01
1.001458e+01 2.146987e+01
1.580014e-02 2.948158e+01
8.467967e+00 1.836619e+01
1.173918e+01 1.146169e+01
2.128756e+01 1.436451e+01
1.554808e+01 2.286105e+01
6.210646e+00 1.551167e+01
2.462067e+01 1.567595e+01
2.287162e+01 2.676531e+01
1.063326e+01 2.127752e+01
1.249870e+01 2.387819e+01
2.145266e+01 1.646160e+01
5.505544e+00 2.395876e+01
8.097623e+00 6.976157e+00
9.235070e+00 1.414267e+01
1.179175e+01 2.004344e+01
1.198583e+01 8.584839e+00
2.070648e+01 9.778232e+00
2.326625e+01 1.361138e+01
2.576205e+01 1.161021e+01
1.375650e+01 2.178424e+01
4.443419e+00 1.719851e+01
8.942738e+00 1.454440e+01
1.281272e+01 2.132818e+01
1.261127e+01 7.061610e+00
1.181744e+01 1.145433e+01
2.291324e+01 1.597711e+01
2.392968e+01 1.930870e+01
2.229413e+01 2.561072e+00
2.378103e+01 1.311151e+01
8.721440e+00 1.587683e+01
2.199128e+01 1.204904e+01
8.906780e+00 1.584230e+01
1.418913e+01 1.595396e+01
2.097266e+01 1.371503e+01
1.377043e+01 8.747225e+00
2.063936e+01 1.914041e+01
1.696295e+01 3.071672e+01
1.916263e+01 1.125773e+01
1.468228e+01 2.289825e+01
1.484768e+01 2.268012e+01
1.286917e+01 1.064993e+01
9.314640e+00 1.479528e+01
2.780007e+01 2.661197e+01
2.028721e+01 2.230920e+01
9.849030e+00 2.024449e+01
2.186115e+01 9.931814e+00
1.312092e+01 6.926369e+00
1.766365e+01 2.127466e+01
1.258963e+01 2.125803e+01
2.129407e+01 9.457724e+00
1.848617e+01 1.942091e+01
1.882077e+01 7.181489e+00
7.770602e+00 7.035014e+00
2.423795e+01 1.675982e+01
2.120100e+01 1.294806e+01
1.870792e+01 2.298754e+01
1.981441e+01 8.466477e+00
1.843218e+01 2.431867e+01
2.139628e+01 2.063686e+01
1.781008e+01 8.782638e+00
2.464643e+01 4.666219e+00
1.949750e+01 2.176904e+01
9.224741e+00 1.434475e+01
9.509643e+00 2.550929e+01
2.278453e+01 1.598220e+01
7.007599e+00 1.887084e+01
1.997501e+01 1.140722e+01
1.971618e+01 2.298206e+01
2.131383e+01 9.013090e+00
1.115531e+01 8.352462e+00
1.328292e+01 2.220257e+01
2.211682e+01 2.098997e+01
2.206061e+01 2.134142e+01
1.011688e+01 1.686891e+01
1.750161e+01 2.378684e+01
1.756350e+01 2.111096e+01
1.373099e+01 2.071713e+01
8.245227e+00 1.734044e+01
1.750989e+01 2.273774e+01
1.595835e+01 7.247788e+00
1.621072e+01 7.313881e+00
1.967948e+01 1.159681e+01
1.104039e+01 1.057251e+01
1.649930e+01 9.505727e+00
1.146625e+01 9.928827e+00
1.683296e+01 2.883601e+01
9.436675e+00 1.707758e+01
1.072682e+01 1.946528e+01
2.081503e+01 1.883325e+01
2.673265e+01 1.251402e+01
7.588138e+00 1.154648e+01
1.711729e+01 2.288067e+01
2.439148e+01 7.772341e+00
2.258604e+01 2.118052e+01
2.348370e+01 5.975967e+00
1.641428e+01 2.044760e+01
1.714133e+01 8.392093e+00
2.040736e+01 6.424466e+00
9.081621e+00 2.047661e+01
2.089582e+01 1.299967e+01
1.691949e+01 9.524870e+00
1.043990e+01 1.278654e+01
1.020933e+01 2.060770e+01
1.970112e+01 2.310808e+01
2.114277e+01 1.476946e+01
1.546888e+01 6.554590e+00
7.776632e+00 1.348806e+01
1.428034e+01 8.032411e+00
8.631857e+00 1.043144e+01
1.660059e+01 8.295599e+00
1.326937e+01 2.203798e+01
1.999237e+01 2.099789e+01
8.708145e+00 1.421434e+01
2.665389e+00 2.694628e+01
9.071754e+00 1.069046e+01
8.068872e+00 1.215246e+01
8.613900e+00 1.000466e+01
1.831550e+01 2.342821e+01
8.962134e+00 9.483556e+00
2.129987e+01 1.148760e+01
1.996144e+01 2.148152e+01
1.719215e+01 2.129569e+01
1.875395e+01 1.010162e+01
2.047539e+01 1.927760e+01
1.683743e+01 2.391108e+01
2.127507e+01 1.601138e+01
1.524206e+01 8.479621e+00
9.051795e+00 1.553319e+01
1.809571e+01 2.191617e+01
7.033049e+00 1.400498e+01
2.365834e+01 1.988661e+01
1.572560e+01 9.002537e+00
2.214864e+01 1.360552e+01
1.481104e+01 2.188776e+01
1.956063e+01 2.021039e+01
2.125113e+01 9.803248e+00
1.647386e+01 2.242920e+01
9.819869e+00 1.021124e+01
2.110640e+01 1.292849e+01
8.440207e+00 1.372662e+01
9.695613e+00 1.037478e+01
1.621295e+01 2.109292e+01
1.795800e+01 2.919118e+01
1.017200e+01 8.498626e+00
6.135107e+00 4.870417e+00
2.117232e+01 1.997334e+01
1.294979e+01 9.750526e+00
1.864993e+01 2.384339e+01
2.370820e+01 2.919530e+01
5.963018e+00 2.962050e+01
1.131327e+01 9.821444e+00
1.472920e+01 2.462419e+01
1.039681e+01 2.009438e+01
2.478864e+00 2.253874e+01
1.913019e+01 7.462223e+00
1.434021e+01 2.447279e+01
2.259315e+01 1.807289e+01
1.442630e+01 1.466072e+01
1.513557e+01 6.942003e+00
1.358614e+01 2.217734e+01
1.857959e+01 9.278545e+00
6.654789e+00 1.607058e+01
2.063174e+01 2.152605e+01
1.876758e+01 8.713737e+00
2.215326e+01 1.464038e+01
2.034269e+01 2.889526e+01
1.253106e+01 2.326759e+01
1.601824e+01 8.286754e+00
1.056036e+01 2.042378e+01
1.819005e+01 2.259410e+01
1.949075e+01 1.268652e+01
1.555333e+01 6.417327e+00
1.024708e+01 2.106375e+01
1.274455e+01 2.319171e+01
1.609046e+01 6.418846e+00
1.739547e+01 7.219691e+00
1.581770e+01 8.080502e+00
3.073362e+01 2.762042e+01
2.121585e+01 1.315966e+01
8.287756e+00 2.434356e+00
2.282626e+01 1.651163e+01
9.887162e+00 1.904765e+01
8.710434e+00 1.105552e+01
2.142626e+01 2.087810e+01
1.152433e+01 2.422844e+01
1.122129e+01 1.167474e+01
2.320431e+01 1.632239e+01
2.354787e+01 4.426809e+00
1.775084e+01 2.263434e+01
1.845509e+01 1.099158e+01
1.128283e+01 2.788641e+01
2.129123e+01 2.132985e+01
1.098500e+01 1.301923e+01
2.022304e+01 9.192029e+00
1.836704e+01 9.775465e+00
1.481001e+01 2.281887e+01
2.965506e+01 3.768136e+00
2.370191e+01 2.104267e+01
1.383479e+01 8.093998e+00
1.219557e+01 2.159050e+01
1.432962e+01 2.266914e+01
2.104142e+01 1.147371e+01
2.107208e+01 1.299903e+01
1.465994e+01 8.615964e+00
1.025165e+01 2.129858e+01
1.749642e+01 2.071156e+01
2.282138e+01 2.097232e+01
1.362580e+01 7.991647e+00
2.172379e+01 1.332134e+01
1.981830e+01 2.083781e+01
2.201394e+01 2.137419e+01
1.003965e+01 1.493887e+01
1.784858e+01 7.318945e+00
2.053617e+01 9.531072e+00
1.167846e+01 2.069716e+01
1.034057e+01 2.455797e+01
1.209032e+01 9.329415e+00
1.088593e+01 2.129475e+01
1.839822e+01 7.869239e+00
1.056115e+01 2.229153e+01
7.886975e+00 7.293719e+00
1.022772e+01 2.216588e+01
2.023179e+01 1.002969e+01
2.223428e+01 1.549855e+01
9.109713e+00 1.453424e+01
2.610216e+01 3.070560e+01
1.092450e+01 1.980903e+01
1.034051e+01 2.139262e+01
2.015695e+01 1.191595e+01
1.779866e+01 1.221984e+01
2.119418e+01 1.433402e+01
2.169285e+01 2.031559e+01
2.111372e+01 2.050432e+01
1.457700e+01 9.122825e+00
4.927637e+00 2.184105e+01
2.919722e+01 1.693195e+01
3.010994e+01 2.339617e+01
2.368808e+01 1.877290e+01
2.332878e+01 1.505237e+01
9.320309e+00 1.189499e+01
2.522266e+01 4.164106e+00
4.604389e+00 3.023791e+01
4.820697e+00 1.547600e+01
8.781714e+00 2.034254e+01
1.019976e+01 1.245233e+01
2.264620e+01 1.577548e+01
8.310683e+00 7.468951e+00
2.373385e+01 1.728894e+01
1.913692e+01 1.541666e+01
1.664272e+01 2.145793e+01
1.245541e+01 1.015415e+01
7.074855e+00 4.020006e+00
1.767661e+01 6.995423e+00
2.416310e+00 9.286170e+00
2.145872e+01 1.176080e+01
1.178081e+01 9.427783e+00
2.508085e+01 1.289978e+01
2.045707e+01 1.913428e+01
1.407556e+01 7.056512e+00
2.011188e+01 8.665074e+00
2.378647e+01 1.448156e+01
1.350135e+01 9.400984e+00
1.790755e+01 1.031366e+01
1.987897e+01 1.144532e+01
2.094249e+01 1.331541e+01
1.152731e+01 2.996779e+01
1.367429e+01 6.387109e+00
1.600092e+01 2.454195e+01
1.996361e+01 1.117577e+01
2.269570e+01 1.211088e+01
7.025830e+00 1.183043e+01
1.131514e+01 2.091293e+01
1.646429e+01 2.128650e+01
2.119667e+01 2.283160e+01
2.028799e+01 1.796957e+01
1.456843e+01 9.132287e+00
8.815812e+00 2.073404e+01
1.917282e+01 2.165749e+01
6.425529e+00 1.488811e+01
1.563365e+01 7.104877e+00
1.005866e+01 2.169943e+01
2.154661e+01 1.820663e+01
2.319701e+01 1.134190e+01
1.791217e+00 2.789294e+01
7.289130e+00 1.676964e+01
1.636508e+01 2.378177e+01
1.916543e+01 2.002224e+01
2.017919e+01 1.108754e+01
2.596040e+01 1.991012e+01
2.024213e+01 1.865086e+01
7.997678e+00 2.059255e+01
9.136630e+00 1.251184e+01
2.339848e+01 1.386924e+01
1.208073e+01 2.412692e+01
1.845457e+01 6.974477e+00
2.300084e+01 1.488388e+01
1.115427e+01 1.139883e+01
2.256466e+01 2.065035e+01
1.579088e+01 2.256878e+01
1.284841e+01 1.016726e+01
1.444344e+01 2.164231e+01
1.356124e+01 2.128905e+01
1.837467e+01 7.158494e+00
9.481407e+00 1.045168e+01
1.724980e+01 2.452863e+01
8.443305e+00 3.010375e+01
1.530066e+01 9.296178e+00
1.448641e+01 2.417491e+01
8.089879e+00 2.741976e+01
9.512059e+00 1.721587e+01
1.893739e+01 9.054886e+00
1.180050e+01 3.234026e+00
1.021727e+01 1.136859e+01
2.066260e+01 1.357841e+01
2.817613e+01 2.105189e+01
1.097874e+01 2.202404e+01
8.992718e+00 1.447823e+01
2.014372e+01 2.145062e+01
1.279245e+01 2.194468e+01
2.024958e+01 8.369841e+00
1.733194e+01 7.080436e+00
2.546833e+01 3.094928e+01
1.427280e+01 2.389063e+01
9.958023e+00 1.573855e+01
2.149574e+01 1.024182e+01
9.477109e+00 1.456692e+01
2.225799e+01 1.219893e+01
7.670855e+00 1.224161e+01
1.841119e+01 3.094099e+01
9.225582e+00 2.155220e+01
1.077223e+01 9.374213e+00
8.471959e+00 1.984718e+01
6.657329e+00 1.417831e+01
2.410462e+01 1.678432e+01
1.261250e+01 2.424974e+01
1.177877e+01 1.050974e+01
2.342257e+01 1.880646e+01
2.039773e+01 2.260171e+01
2.446343e+01 1.622205e+01
2.247876e+01 1.236815e+01
1.639785e+01 8.549766e+00
1.455243e+01 8.768851e+00
7.446654e+00 2.485935e+01
2.010860e+01 8.084458e+00
2.636653e+01 3.066679e+01
8.054595e+00 1.178210e+01
1.754568e+01 7.912476e-01
4.053914e+00 3.986730e+00
2.181676e+01 2.162522e+01
1.260566e+01 2.176896e+01
2.138389e+01 1.045338e+01
9.878399e+00 1.499398e+01
8.220793e+00 7.989945e+00
1.851897e+01 9.992612e+00
1.210525e+01 7.226747e+00
1.652842e+01 2.179877e+01
2.219970e+01 2.016573e+01
5.584073e+00 1.294058e+01
1.989726e+01 7.857640e+00
1.899233e+01 2.036339e+01
2.033152e+01 2.285824e+01
1.208981e+01 1.891218e+01
1.757434e+01 9.256384e+00
1.286142e+01 2.322544e+01
1.646136e+01 2.116541e+01
2.046534e+01 7.962534e+00
1.520231e+01 8.763307e+00
2.188523e+01 1.245111e+01
1.571948e+01 2.303720e+01
9.852254e+00 1.941596e+01
2.478857e+01 2.178712e+01
9.543535e+00 1.673691e+01
3.540682e+00 1.835488e+01
2.072954e+01 8.987872e+00
3.596152e+00 9.981607e-01
1.732083e+01 2.410229e+01
2.168216e+01 9.779338e+00
1.812221e+01 2.026748e+01
2.388594e+01 1.575969e+01
2.234579e+01 1.825623e+01
1.748496e+00 7.467223e+00
2.183089e+01 1.190841e+01
1.044568e+01 1.007132e+01
1.714448e+01 1.037159e+01
1.935353e+01 1.769573e+00
2.332746e+01 1.170393e+01
1.014964e+01 2.034072e+01
1.414946e+01 1.006976e+01
7.586940e+00 1.110384e+01
1.447874e+01 8.534968e+00
2.490860e+01 3.719337e+00
1.010280e+01 1.686364e+01
1.076004e+01 1.824576e+01
1.226127e+01 1.251441e+01
8.372797e+00 1.158264e+01
2.075917e+01 2.001527e+01
2.324607e+01 1.737528e+01
8.394216e+00 1.278159e+01
2.738228e+01 1.308041e+01
1.515462e+01 2.600343e+01
7.141969e+00 1.595374e+01
8.194144e+00 1.613021e+01
9.934339e+00 1.458520e+01
6.343454e+00 1.542425e+01
1.593070e+01 9.884885e+00
2.072067e+01 8.960407e+00
1.859271e+01 2.116886e+01
2.312861e+01 1.575459e+01
1.312926e+01 2.343793e+01
8.098782e+00 1.361857e+01
7.632234e+00 2.030714e+01
1.536546e+01 6.207445e+00
2.173706e+01 1.556300e+01
1.812234e+01 2.089898e+01
7.868704e+00 2.476687e+00
2.197113e+01 1.827263e+01
1.156594e+01 2.167567e+01
2.405476e+00 1.490815e+00
2.050147e+01 8.213814e+00
9.763141e+00 1.903662e+01
7.537617e+00 1.934912e+01
9.038444e+00 9.367722e+00
2.149985e+01 1.083249e+01
3.807992e-01 1.550636e+01
8.032612e+00 2.942015e+00
1.689045e+01 8.618687e+00
2.077315e+01 1.207269e+01
2.057403e+01 1.090774e+01
1.342557e+01 2.436888e+01
2.310927e+01 1.032619e+01
9.151099e+00 1.808102e+01
1.188504e+01 2.108186e+01
4.047507e+00 2.535522e+01
4.219829e+00 1.290540e+01
1.258510e+01 1.258685e+01
2.149122e+01 2.211430e+01
2.885638e+01 2.206442e+01
1.753707e+01 2.142847e+01
1.407829e+01 9.159595e+00
2.171235e+01 2.016431e+01
2.473958e+01 2.802289e+01
1.358860e+01 6.421996e+00
2.147238e+01 1.679701e+01
2.074517e+01 1.917292e+01
2.247768e+01 1.566180e+01
1.623660e+01 7.089539e+00
1.055638e+01 1.835730e+01
2.324098e+01 2.122137e+01
1.432614e+00 8.190291e-01
1.859036e+01 8.431555e+00
1.447852e+01 2.104558e+01
2.168012e+01 1.117112e+01
2.323839e+01 1.705915e+01
1.699210e+01 7.625692e+00
1.021448e+01 1.398162e+01
1.173965e+01 9.774620e+00
1.423618e+01 2.077954e+01
1.453347e+01 9.906237e+00
2.340188e+01 1.393592e+01
9.777803e+00 1.458237e+01
2.589952e+01 1.975628e+01
8.353073e+00 1.327297e+01
2.108644e+01 1.555426e+01
1.129934e+01 9.288653e+00
2.148519e+01 1.410806e+01
1.955717e+01 1.908313e+01
7.400378e+00 7.370889e+00
2.105643e+01 2.265387e+01
1.308360e+01 1.046905e+01
1.704766e+01 6.547177e+00
1.071231e+01 2.088653e+01
1.339552e+01 2.179989e+01
7.832613e+00 1.373202e+01
1.820884e+01 2.424976e+01
2.213576e+01 2.005195e+01
8.411411e+00 2.135354e+01
1.203160e+01 2.093083e+01
2.727468e+01 1.570526e+01
9.096700e+00 2.010530e+01
1.058235e+01 2.159356e+01
7.097868e+00 1.768836e+01
1.061056e+01 1.258112e+01
1.201777e+01 8.533738e+00
1.667176e+01 2.198992e+01
2.679361e+01 3.706365e+00
1.248423e+01 2.081178e+01
1.308733e+01 1.044957e+01
9.929337e+00 9.892823e+00
9.532070e+00 1.460460e+01
1.008671e+01 1.224039e+01
2.638476e+01 2.716807e+01
1.109901e+01 1.063601e+01
7.653949e+00 1.158095e+01
2.215803e+01 2.052007e+01
1.038578e+01 2.158834e+01
5.633738e+00 1.279360e+01
1.808202e+01 2.295078e+01
2.895682e+01 9.886524e+00
2.387089e+01 1.148747e+01
9.489147e+00 9.050467e+00
1.741185e+01 9.452636e+00
1.850543e+01 7.759869e+00
2.937728e+01 3.113672e+00
2.308625e+01 2.539795e+01
2.233250e+01 2.221863e+00
1.394226e+01 2.082282e+01
1.920588e+01 9.048415e+00
1.902882e+01 6.943392e+00
2.615547e+01 1.215060e+01
9.669698e+00 1.780758e+01
5.455535e+00 7.849502e+00
2.142484e+01 1.494173e+01
1.786261e+01 7.553911e+00
2.445770e+01 1.703036e+01
8.539255e+00 1.970266e+01
2.636274e+01 1.913561e+01
8.611255e-01 1.258194e+01
2.303885e+01 1.599139e+01
2.148692e+01 2.149229e+01
2.271717e+01 1.523655e+01
2.109433e+01 2.155593e+01
9.519707e+00 8.889170e+00
1.246274e+01 2.037236e+01
8.517257e+00 1.033620e+01
3.757312e+00 1.009629e+01
3.400403e+00 1.466705e+01
2.201902e+01 2.142030e+01
1.594768e+01 7.573999e+00
1.788355e+01 7.736856e+00
1.676102e+01 1.023359e+01
8.751342e+00 1.176891e+01
1.402584e+01 2.342056e+01
8.643978e+00 1.064845e+01
1.628410e+01 2.180298e+01
2.289962e+01 2.004671e+01
2.239253e+01 2.148199e+01
1.346412e+01 2.561379e+01
3.951576e+00 2.974122e+01
1.905688e+01 9.196686e+00
2.160685e+01 2.158596e+01
1.445256e+01 7.663544e+00
1.247014e+01 2.339366e+01
1.328076e+01 9.944844e+00
2.147453e+01 1.145810e+01
2.350010e+01 2.001735e+01
9.467041e+00 2.503706e+01
2.292495e+01 1.195191e+01
1.822266e+01 2.185571e+01
2.405039e+01 1.970442e+01
1.714340e+01 2.345650e+01
1.668287e+01 9.220873e+00
6.756193e+00 4.875364e+00
1.001394e+01 1.874050e+01
9.719126e+00 2.148423e+01
1.156241e+01 1.969249e+01
2.388082e+01 2.197055e+01
2.366178e+01 1.277926e+01
1.247372e+01 8.233571e+00
9.401790e+00 2.153544e+01
2.321926e+01 1.829224e+01
1.468227e+01 8.080986e+00
1.960449e+01 1.063872e+01
1.500139e+01 7.647731e+00
9.727259e+00 1.360308e+01
1.048827e+01 2.178981e+01
2.088010e+01 1.324779e+01
1.651894e+01 2.320419e+01
1.426582e+00 1.495082e+01
4.250313e+00 2.773828e+01
1.080810e+01 1.881706e+01
9.217291e+00 1.128479e+01
2.637122e+00 1.116509e+01
7.534215e+00 1.739236e+01
1.190377e+01 2.013985e+01
8.083939e+00 2.052218e+01
1.138923e+01 2.062127e+01
1.849361e+01 2.394415e+01
2.334062e+01 1.805775e+01
1.472900e+01 2.136141e+01
2.274547e+01 1.706781e+01
1.005568e+01 8.686933e+00
2.450164e+01 4.916873e+00
1.825203e+01 1.056966e+01
2.200653e+01 3.204501e-01
1.851142e+01 7.526126e+00
1.003105e+01 2.161283e+01
6.767572e+00 4.875483e+00
1.708457e+01 2.384970e+01
9.586871e+00 1.355793e+01
8.840275e+00 1.790440e+01
1.058774e+01 1.008279e+01
1.027375e+01 1.427685e+01
2.069935e+01 1.835734e+01
2.477426e+00 2.240576e+01
7.672369e+00 1.383259e+01
2.394442e+01 1.463229e+01
6.542909e+00 1.521124e+01
8.155469e+00 1.134501e+01
2.058759e+01 1.253004e+01
2.172614e+01 3.045997e+01
1.005874e+01 7.630321e+00
6.543007e+00 1.552698e+01
1.559639e+01 2.142508e+01
1.071380e+01 2.162556e+01
2.083135e+01 2.026946e+01
2.266292e+01 1.324896e+01
4.378839e+00 2.929089e+01
1.447741e+01 7.953619e+00
9.635645e+00 9.019252e+00
2.118190e+01 1.955327e+01
9.140655e+00 1.940738e+01
2.164433e+01 1.155579e+01
7.583140e+00 1.414056e+01
1.389249e+01 2.286562e+01
6.931003e+00 1.236084e+01
7.830070e+00 1.493248e+01
2.046692e+01 2.177278e+01
2.404663e+01 1.357510e+01
2.784365e+01 1.836536e+01
1.451370e+01 7.504885e+00
1.919572e+01 2.329299e+01
2.906888e+01 2.737817e+01
1.070620e+01 1.079665e+01
1.036138e+01 2.360340e+01
8.939685e+00 1.557932e+01
1.732845e+01 2.365486e+01
2.214689e+01 1.793135e+01
1.975662e+01 1.137100e+01
1.171544e+01 9.598930e+00
2.422581e+01 1.751465e+01
1.138470e+01 2.367863e+01
1.077650e+01 9.784689e+00
8.384780e+00 1.050016e+01
2.386536e+01 1.608430e+01
1.929685e+01 7.908122e+00
1.060679e+01 1.158701e+01
9.949949e+00 1.462024e+01
1.118912e+01 1.183530e+01
2.390391e+01 1.292464e+01
1.425650e+01 2.453233e+01
1.370834e+01 2.304221e+01
9.802409e+00 8.747468e+00
1.330092e+01 7.586336e+00
1.162408e+01 2.083625e+01
8.317857e+00 2.027229e+01
1.279154e+01 2.241563e+01
1.729632e+01 2.539337e+01
1.678627e+01 2.129360e+01
9.636805e+00 2.040066e+01
1.168853e+01 1.044901e+01
9.014952e+00 1.309399e+01
2.132984e+01 2.200348e+01
1.659743e+01 2.435425e+01
1.351341e+01 2.429946e+01
1.950501e+01 1.126714e+01
1.586998e+01 2.374983e+01
8.742173e+00 1.577963e+01
1.729729e+01 2.061868e+01
7.842355e+00 9.286010e+00
2.062291e+01 9.688293e+00
2.173632e+01 2.537629e+01
1.272886e+01 7.006774e+00
6.225764e+00 2.552633e+00
8.966483e+00 1.040588e+01
1.131847e+01 1.184120e+01
1.089645e+01 9.514079e+00
1.473676e+01 2.151754e+01
1.073186e+01 9.421755e+00
7.696285e+00 1.256587e+01
8.804682e+00 2.153053e+01
4.846417e+00 2.798710e+01
2.385757e+01 1.521933e+01
2.138447e+01 1.779084e+01
1.854401e+01 2.626088e+01
7.037062e+00 1.344868e+01
2.286936e+01 1.946731e+01
1.512799e+01 2.224388e+01
2.026397e+01 8.016588e+00
1.388411e+01 2.354236e+01
2.611125e+01 2.240823e+01
1.775986e+01 2.231926e+01
9.626924e+00 1.396656e+01
1.664310e+01 8.859943e+00
6.434892e+00 1.431846e+01
1.603548e+01 2.400687e+01
1.842780e+01 9.706539e+00
1.947469e+01 2.106086e+01
9.669004e+00 2.109417e+01
8.670627e+00 1.467537e+01
1.053667e+01 7.724714e+00
1.161680e+01 8.770645e+00
1.509557e+01 2.446722e+01
1.579363e+01 2.432783e+01
4.458400e+00 7.774300e+00
1.544835e+01 2.141379e+01
7.603770e+00 1.137535e+01
2.051036e+01 1.054282e+01
2.712679e+01 2.933436e+00
2.181555e+01 1.453439e+01
2.140928e+01 1.732751e+01
1.386949e+01 2.163814e+01
1.084609e+01 7.732492e+00
1.328143e+01 2.996160e+01
2.828876e+01 2.194836e+01
1.666833e+01 1.489729e+01
1.048118e+01 1.753357e+01
1.848901e+01 2.172550e+01
1.806975e+01 8.868735e+00
3.210098e+00 3.043935e+00
1.220213e+01 1.111730e+01
2.140206e+01 1.411325e+01
2.468065e+01 1.549639e+01
2.123717e+01 1.764420e+01
9.540634e+00 8.828507e+00
1.410397e+01 1.016407e+01
9.807970e+00 9.598902e+00
2.157267e+01 1.592527e+01
9.460794e+00 1.510903e+01
8.539461e+00 1.222547e+01
1.904794e+00 1.626309e+01
2.284198e+01 1.775059e+01
1.403880e+01 9.887438e+00
1.522384e+01 9.640535e+00
2.614698e+01 2.989039e+01
1.071719e+01 2.136844e+01
1.694361e+01 8.222822e+00
1.643654e+01 1.950247e+01
7.806601e+00 1.197808e+01
1.694312e+01 6.770221e+00
7.935154e+00 1.585516e+01
1.188276e+01 1.136490e+01
1.046300e+01 2.084584e+01
1.101141e+01 1.884082e+01
2.100487e+01 2.230148e+01
7.089358e+00 1.807306e+01
1.894867e+01 8.741016e+00
1.354050e+01 2.421107e+01
1.647683e+01 2.094744e+01
1.331348e+01 7.267710e+00
2.243315e+01 1.554391e+01
1.589184e+01 2.470900e+01
2.421176e+01 1.637700e+01
9.813779e+00 1.146788e+01
1.152628e+01 2.021845e+01
1.979567e+01 2.206966e+01
1.807790e+01 9.186729e+00
8.809573e+00 1.752827e+01
9.303503e+00 1.453897e+01
1.080918e+01 1.936398e+01
2.288611e+01 1.717471e+01
2.826340e+01 2.892300e+01
8.887150e+00 1.863086e+01
1.555097e+01 2.195779e+01
1.161433e+01 1.095570e+01
2.322539e+01 2.026131e+01
1.062167e+01 1.057426e+01
2.455171e+01 1.513055e+01
1.012352e+01 1.157341e+01
1.201534e+01 9.973492e+00
2.316843e+01 1.771989e+01
2.332559e-01 4.170506e+00
1.199349e+01 7.585264e+00
1.987086e+01 9.111884e+00
2.109727e+01 8.568198e+00
1.907071e+01 2.048481e+01
2.011985e+00 6.310497e+00
2.756109e+01 2.366702e+01
1.191606e+01 1.975069e+01
1.012105e+01 1.692440e+01
7.391002e+00 1.478083e+01
2.434462e+01 1.293276e+01
2.212471e+01 1.521823e+01
2.278451e+01 1.137778e+01
1.596002e+01 9.013468e+00
1.347315e+01 2.315474e+01
2.032273e+01 9.540218e+00
1.957579e+01 2.802929e+01
2.147213e+01 1.184692e+01
1.692678e+01 7.202006e+00
1.621503e+01 2.136990e+01
1.415565e+01 2.575100e+01
1.290666e+01 2.246617e+01
1.940987e+01 9.201919e+00
1.124247e+01 9.112827e+00
8.685188e+00 1.585546e+01
1.786795e+01 1.028981e+01
1.912106e+01 3.051287e+01
1.016110e+01 1.383394e+01
2.430937e+01 1.616312e+01
1.063795e+01 1.281227e+01
2.232658e+01 1.670263e+01
2.498479e+01 5.259194e+00
1.682823e+01 6.421700e+00
2.198449e+01 1.765286e+01
1.492515e+01 7.424681e+00
1.664594e+01 2.200089e+01
2.321825e+01 1.051452e+01
7.814722e+00 1.724978e+01
1.036490e+01 2.305868e+01
2.902892e+01 1.231739e+01
1.050584e+01 1.137192e+01
2.644003e+01 2.535662e+01
1.066133e+01 2.989703e+00
1.333986e+01 2.209078e+01
1.014599e+01 1.690502e+01
1.359117e+01 7.381634e+00
5.180920e+00 9.983691e+00
1.095356e+01 7.985921e+00
2.346662e+01 1.372520e+01
2.166240e+01 1.645436e+01
1.668737e+01 1.287018e+01
1.133802e+01 2.118396e+01
1.929767e+01 2.043567e+01
2.251913e+01 1.831470e+01
1.221561e+01 2.398431e+01
1.835116e+01 2.242446e+01
2.401210e+01 1.740892e+01
1.396369e+01 2.301849e+01
4.697994e+00 2.529721e+01
2.117667e+01 1.936109e+01
2.282601e+01 1.416295e+01
2.193407e+01 1.815451e+01
1.391634e+01 2.394708e+01
1.059397e+01 1.889731e+01
1.163437e+01 2.278835e+01
7.214425e+00 1.253293e+01
7.980506e+00 1.999971e+01
1.093058e+01 2.226467e+01
1.778045e+01 2.282620e+01
7.990948e+00 2.153369e+00
1.676421e+01 2.112141e+01
8.362613e+00 1.565142e+01
1.399837e+01 8.180554e+00
2.409817e+01 1.598308e+01
2.126246e+01 1.676158e+01
8.236177e+00 1.023807e+01
1.591930e+01 2.267286e+01
8.704550e+00 2.753575e+01
6.993080e+00 1.698665e+01
7.029920e+00 2.405114e+01
2.117859e+01 1.108009e+01
5.674654e+00 3.140806e+00
1.646061e+01 2.701423e+01
1.345175e+01 2.121933e+01
2.419483e+01 1.273606e+01
1.713036e+01 2.275874e+01
2.267269e+01 1.853996e+01
9.868845e-01 2.700570e+00
1.952048e+01 2.268590e+01
5.796791e+00 2.926277e+01
1.516758e+00 2.741822e+01
1.956690e+01 1.198856e+01
7.443277e+00 1.359456e+01
1.764977e+01 8.468478e+00
8.277064e+00 1.683034e+01
1.056472e+01 8.056086e+00
1.328479e+01 2.130867e+01
8.530313e+00 2.401723e+01
1.362405e+01 7.166661e+00
9.236796e+00 9.117884e+00
3.819916e+00 1.890730e+01
1.339974e+01 6.941535e+00
8.899638e+00 1.887337e+01
8.246178e+00 2.125643e+01
2.283026e+01 1.898183e+01
2.420810e+01 1.647707e+01
1.180442e+01 2.328526e+01
1.874721e+01 1.298048e+01
6.541291e+00 1.809235e+01
2.077179e+01 2.283476e+01
1.369167e+01 1.776501e+01
1.775358e+01 1.940613e+01
7.576513e+00 1.641798e+01
8.664181e+00 1.724609e+01
1.991174e+01 1.904504e+01
1.269107e+01 8.932564e+00
1.456445e+01 6.742252e+00
1.586090e+01 7.108916e+00
1.098796e+01 1.232760e+01
7.430354e+00 1.136871e+01
1.790234e+01 2.321971e+01
9.766043e+00 9.381706e+00
8.036508e+00 1.436276e+01
1.525243e+01 2.217144e+01
1.874151e+01 2.094885e+01
9.371470e+00 9.550810e+00
2.191893e+01 2.110359e+01
2.076111e+01 2.001296e+01
2.008834e+01 2.094392e+01
1.165537e+01 2.271279e+01
9.733539e+00 1.485022e+01
7.407656e+00 1.568112e+01
1.137783e+01 9.145678e+00
2.061147e+01 1.816082e+01
8.141638e+00 1.671175e+01
1.756600e+01 2.329943e+01
2.367289e+01 1.110727e+01
8.787569e+00 2.127616e+01
2.343336e+01 2.024707e+01
8.677586e+00 1.957398e+01
2.137935e+01 1.222613e+01
2.049597e+01 2.251955e+01
1.422653e+01 6.595257e+00
1.810622e+01 2.196686e+01
6.503137e+00 1.357292e+01
2.220269e+01 1.452250e+01
1.347134e+01 1.002028e+01
1.053587e+01 1.806463e+01
7.587499e+00 1.163793e+01
2.022915e+01 2.285919e+01
1.153453e+01 7.561664e+00
1.137748e+01 1.973703e+01
1.241478e+01 6.883224e+00
1.446109e+01 2.372534e+01
1.921396e+01 -5.229629e+00
